-536870912, -536870912
-134217728, -134217728
-33554432, -33554432
-8388608, -8388608
-2097152, -2097152
-524288, -524288
-131072, -131072
-32768, -32768
-8192, -8192
-2048, -2048
-512, -512
-128, -128
-32, -32
-8, -8
-2, -2
4, 4
16, 16
64, 64
256, 256
1024, 1024
4096, 4096
16384, 16384
65536, 65536
262144, 262144
1048576, 1048576
4194304, 4194304
16777216, 16777216
67108864, 67108864
268435456, 268435456
they're the same!
they're the same!
they're the same!
could not find key -256
s3.empty(): 1
100
-8 -2
<-8> <-2>
